load before bench: 15.65 12.46 8.66 9/10762 2404271
bench_goldi: backend hwclmul, NTRIALS 50, TINY_SAMPLES 15000, cycles/ns 2.900 (TSC rate; small-key cycles are TSC ticks via rdtsc/rdtscp as in SMHasher3)

== small keys: median cycles/hash (raw, incl. loop overhead) ==
function                   1     2     3     4     5     6     7     8     9    10    11    12    13    14    15    16    17    18    19    20    21    22    23    24    25    26    27    28    29    30    31    64  | avg1-31
nothing(overhead)        5.0   5.0   5.0   5.0   5.0   5.0   5.0   5.0   5.0   5.0   5.0   5.0   5.0   5.0   5.0   5.0   5.0   5.0   5.0   5.0   5.0   5.0   5.0   5.0   5.0   5.0   5.0   5.0   5.0   5.0   5.0   5.0  |   4.98
smh CHAR2-256           98.9  98.2  98.2  98.7 109.3 109.2 109.2 109.3 109.3 109.3 109.3 109.3 109.4 109.4 109.4  97.0 124.6 124.4 124.3 124.7 124.8 125.1 125.2 124.0 123.9 124.0 124.0 124.0 123.9 123.9 123.9  97.2  | 114.78
smh G4-256              77.8  77.6  77.6  77.7  89.5  90.1  89.6  90.0  89.7  89.7  90.0  90.4  89.9  90.3  90.1  76.1 104.4 104.3 104.3 104.5 104.6 104.7 104.6 104.4 104.5 104.5 104.4 104.5 104.5 104.5 104.5  76.7  |  94.95
smh G5-256              86.4  85.8  86.7  86.6  97.9  97.8  97.8  97.8  97.7  97.7  97.8  97.7  97.7  97.8  97.9  83.7 111.9 111.8 111.8 111.2 111.3 111.6 111.4 111.7 111.6 111.6 111.6 111.6 111.6 111.6 111.6  85.8  | 102.54
smh CHAR2-1k           100.0 100.3 100.3 100.4 110.9 110.9 110.8 110.8 110.7 110.8 110.8 110.8 110.8 110.7 110.8  98.2 125.6 125.6 125.5 125.7 125.6 125.5 125.6 125.8 125.7 125.7 125.7 125.7 125.7 125.8 125.8  99.6  | 116.23
smh G5-1k               88.1  87.4  88.2  88.1  99.6  99.5  99.5  99.6  99.5  99.4  99.4  99.3  99.3  99.3  99.3  87.1 113.6 112.9 112.8 112.3 112.3 112.3 112.3 112.4 112.6 112.6 112.5 112.4 112.5 112.5 112.5  87.2  | 103.91

== bulk: median GB/s (bytes/cycle) ==
function                         16KB           512B
smh CHAR2-256           42.67 (14.71)  19.43 ( 6.70)
smh G4-256              43.29 (14.93)  21.15 ( 7.29)
smh G5-256              42.93 (14.80)  18.54 ( 6.39)
smh CHAR2-1k            37.09 (12.79)  22.15 ( 7.64)
smh G5-1k               37.31 (12.86)  19.97 ( 6.89)
(sink 1ea3ca8178e3a850)
load after bench: 15.28 12.44 8.68 13/10764 2404569
