bench_goldi: backend hwclmul, NTRIALS 50, TINY_SAMPLES 15000, cycles/ns 2.900 (TSC rate; small-key cycles are TSC ticks via rdtsc/rdtscp as in SMHasher3)

== small keys: median cycles/hash (raw, incl. loop overhead) ==
function                   1     2     3     4     5     6     7     8     9    10    11    12    13    14    15    16    17    18    19    20    21    22    23    24    25    26    27    28    29    30    31    64  | avg1-31
nothing(overhead)        5.0   5.0   5.0   5.0   5.0   5.0   5.0   5.0   5.0   5.0   5.0   5.0   5.0   5.0   5.0   5.0   5.0   5.0   5.0   5.0   5.0   5.0   5.0   5.0   5.0   5.0   5.0   5.0   5.0   5.0   5.0   5.0  |   4.98
smh CHAR2-256           98.9  98.3  98.3  98.8 109.5 109.5 109.5 109.7 109.6 109.7 109.5 109.7 109.5 109.6 109.7  97.1 124.6 124.7 124.7 124.7 124.6 124.7 124.6 124.5 124.4 124.4 124.4 124.5 124.2 124.4 124.4  97.3  | 114.98
smh G4-256              75.1 106.3 106.3 105.9 112.3 111.7 112.3 113.2 112.8 113.0 114.2 113.1 114.4 113.1 113.0 100.5 128.7 128.7 129.1 128.3 128.8 128.6 129.4 128.6 129.0 129.4 128.5 128.5 128.5 128.9 128.5 100.6  | 118.35
smh G5-256             113.5 120.9 121.0 120.5 127.1 127.1 127.1 129.1 128.9 128.5 128.5 129.1 128.4 128.6 128.7 114.4 141.9 142.1 141.9 142.0 142.1 142.1 142.1 142.4 142.4 142.5 142.3 142.5 142.4 142.4 142.4 115.0  | 133.38
smh CHAR2-1k           100.2 100.6 100.4 100.4 111.0 110.9 110.8 110.7 110.7 110.8 110.7 110.8 110.9 111.0 110.9  98.4 126.0 125.4 125.4 125.6 125.6 125.7 125.6 125.7 125.7 125.8 125.7 125.7 125.7 125.7 125.7  99.6  | 116.26
smh G5-1k              112.4 117.7 117.9 117.8 125.0 125.1 125.2 126.3 126.2 126.3 126.4 126.1 126.2 126.2 126.3 114.1 141.1 140.8 140.7 141.2 141.2 141.2 141.2 141.8 141.4 141.4 141.5 141.6 141.5 141.2 141.4 114.2  | 131.75

== bulk: median GB/s (bytes/cycle) ==
function                         16KB           512B
smh CHAR2-256           42.65 (14.71)  19.86 ( 6.85)
smh G4-256              43.32 (14.94)  22.41 ( 7.73)
smh G5-256              42.27 (14.57)  17.24 ( 5.94)
smh CHAR2-1k            37.07 (12.78)  22.24 ( 7.67)
smh G5-1k               36.78 (12.68)  19.71 ( 6.80)
(sink 1ea3ca8178e3a850)
