load at start: { 2.59 4.73 6.23 }
bench_goldi: backend hwpmull, NTRIALS 50, TINY_SAMPLES 15000, cycles/ns 3.262 (dependent-add calibration as in SMHasher3; small-key cycles = ns x this)

== small keys: median cycles/hash (raw, incl. loop overhead) ==
function                   1     2     3     4     5     6     7     8     9    10    11    12    13    14    15    16    17    18    19    20    21    22    23    24    25    26    27    28    29    30    31    64  | avg1-31
nothing(overhead)        6.9   7.0   6.9   6.8   6.9   7.0   6.9   6.9   6.9   6.8   6.9   6.9   6.9   7.0   6.9   6.9   6.9   6.9   6.8   6.8   6.9   6.5   6.4   6.7   6.9   6.7   6.8   6.7   6.4   6.4   6.9   6.7  |   6.81
smh CHAR2-256           66.7  67.9  67.8  66.4  69.1  69.0  67.1  67.5  67.4  67.5  66.9  63.7  67.2  65.5  65.2  63.8  65.6  63.8  65.6  65.6  65.1  65.0  65.5  64.8  65.0  64.8  65.2  65.8  65.3  65.2  65.6  68.2  |  66.02
smh G4-256              75.6  76.2  76.5  75.0  73.6  74.8  75.5  72.4  72.9  72.1  73.4  71.8  72.4  72.7  72.0  71.6  72.4  72.0  71.9  70.5  72.0  72.2  71.8  72.1  72.7  73.4  73.5  72.0  71.3  73.6  73.5  75.2  |  73.02
smh G5-256              85.6  85.7  85.6  84.6  84.6  83.5  82.2  82.4  84.0  83.2  81.5  81.9  82.1  82.1  82.1  77.1  80.3  81.2  81.0  80.6  80.2  79.8  80.6  80.3  80.6  80.8  80.6  80.9  79.8  81.2  81.0  83.8  |  81.84
smh CHAR2-1k            72.1  73.7  73.6  72.3  72.7  72.3  72.6  71.1  70.9  70.6  71.1  68.3  68.9  68.7  70.1  67.8  70.1  69.0  70.5  69.9  70.3  66.3  69.5  69.6  69.6  71.5  70.9  69.7  67.7  65.6  68.0  71.7  |  70.16
smh G5-1k               88.4  85.8  85.9  82.5  81.8  81.8  81.7  79.8  79.1  79.8  84.9  84.5  84.5  84.5  84.5  82.5  79.5  79.6  78.9  78.3  78.3  79.0  78.3  78.4  78.4  78.4  80.7  79.0  78.3  78.4  78.4  80.7  |  81.09
hdr CHAR2-256           66.1  66.7  66.0  64.2  64.2  64.5  64.0  62.9  62.8  62.8  63.3  62.8  68.0  67.1  67.7  64.7  62.9  62.8  62.9  62.4  63.6  62.9  62.5  62.4  62.4  62.4  62.6  62.6  63.0  62.4  62.4  64.2  |  63.80
hdr G4-256              72.2  73.2  72.4  70.8  70.8  71.3  70.8  68.8  68.8  68.8  68.8  68.5  69.2  69.2  73.6  71.5  72.4  73.8  73.7  73.3  73.3  73.3  72.5  71.2  69.7  68.3  68.3  68.3  69.0  68.3  68.3  70.3  |  70.72
hdr G5-256              80.3  79.7  79.7  78.1  78.1  78.3  78.8  76.7  77.5  76.9  81.2  82.3  82.0  76.3  77.1  74.3  77.3  76.6  77.3  76.6  77.4  76.0  76.0  76.6  75.9  76.0  75.9  76.5  75.9  76.3  76.6  78.0  |  77.56
hdr CHAR2-1k            68.5  68.5  68.4  67.2  67.8  67.2  67.9  65.6  68.7  68.3  67.8  65.2  65.4  65.5  66.9  63.5  65.4  68.2  69.4  68.8  69.8  70.1  67.9  70.0  69.9  69.9  69.0  64.8  64.8  64.8  65.5  66.8  |  67.44
hdr G5-1k               88.2  83.2  83.2  81.6  82.3  87.8  87.7  85.4  80.1  79.4  80.1  79.2  79.2  79.4  80.7  82.0  85.3  87.1  84.0  82.8  82.1  82.1  78.8  78.8  79.5  79.3  79.5  79.5  78.8  78.8  78.8  82.0  |  81.76
shipped chainhash-256   66.0  66.1  66.4  64.2  64.2  64.2  64.7  62.8  65.4  67.2  63.0  62.6  62.9  63.4  62.6  60.9  62.9  63.6  66.3  64.9  64.9  67.0  63.7  66.9  66.9  62.4  63.0  62.4  62.3  62.4  62.3  64.2  |  64.15
shipped chainhash-1k    68.5  74.2  73.4  72.7  72.3  67.2  67.5  70.5  66.1  65.7  69.9  70.6  70.1  67.4  65.5  63.4  65.4  70.2  70.3  69.6  66.8  65.3  64.8  64.8  64.8  65.5  64.8  64.9  64.9  64.8  67.8  67.5  |  67.74

== bulk: median GB/s (bytes/cycle) ==
function                         16KB           512B
smh CHAR2-256           61.58 (18.88)  36.09 (11.06)
smh G4-256              60.68 (18.60)  35.90 (11.01)
smh G5-256              60.54 (18.56)  33.21 (10.18)
smh CHAR2-1k            64.73 (19.84)  41.44 (12.70)
smh G5-1k               63.78 (19.55)  40.35 (12.37)
hdr CHAR2-256           60.36 (18.50)  36.90 (11.31)
hdr G4-256              59.99 (18.39)  36.82 (11.29)
hdr G5-256              59.58 (18.26)  35.29 (10.82)
hdr CHAR2-1k            64.94 (19.91)  42.41 (13.00)
hdr G5-1k               64.04 (19.63)  39.99 (12.26)
shipped chainhash-256   60.36 (18.50)  36.79 (11.28)
shipped chainhash-1k    63.42 (19.44)  41.06 (12.59)
(sink c60b2d589ca73308)
load after: { 2.65 4.67 6.19 }
