load at start: { 2.75 4.90 5.55 }
bench_goldi: backend hwpmull, NTRIALS 50, TINY_SAMPLES 15000, cycles/ns 3.268 (dependent-add calibration as in SMHasher3; small-key cycles = ns x this)

== small keys: median cycles/hash (raw, incl. loop overhead) ==
function                   1     2     3     4     5     6     7     8     9    10    11    12    13    14    15    16    17    18    19    20    21    22    23    24    25    26    27    28    29    30    31    64  | avg1-31
nothing(overhead)        7.0   6.9   6.9   6.9   6.9   6.5   6.4   6.4   6.4   6.4   6.4   6.8   6.8   6.7   6.7   6.7   6.7   6.8   6.7   6.7   6.7   6.7   6.7   6.7   6.7   6.7   6.7   6.7   6.7   6.7   6.7   6.7  |   6.68
smh CHAR2-256           69.3  70.2  69.4  67.2  67.2  67.1  67.1  65.6  65.6  65.7  65.7  65.3  65.3  65.3  65.3  63.2  65.7  67.6  67.7  64.9  66.8  65.0  62.4  65.1  62.2  62.3  62.2  62.4  62.2  62.2  62.2  66.9  |  65.34
smh G4-256              66.5  66.5  66.5  67.9  65.0  68.0  66.7  63.3  63.2  63.2  63.2  62.8  62.8  65.9  67.6  65.5  68.0  66.8  66.6  67.6  67.3  67.4  65.5  65.7  64.3  66.1  67.3  67.4  67.3  67.4  66.1  68.8  |  65.98
smh G5-256              79.4  79.4  79.4  78.3  78.4  78.2  78.3  77.3  75.5  75.4  75.5  76.1  75.9  76.7  73.5  73.5  75.7  76.1  75.6  75.6  73.5  75.6  75.9  73.6  75.9  75.9  75.4  78.6  75.9  75.6  75.6  77.6  |  76.29
smh CHAR2-1k            73.7  73.7  73.9  72.4  72.4  72.4  72.6  70.3  70.9  70.7  72.3  70.5  73.0  73.2  72.7  70.9  70.4  70.7  70.4  70.2  69.9  70.0  70.5  70.5  69.0  68.3  65.1  68.2  67.9  65.8  65.0  66.9  |  70.57
smh G5-1k               76.7  76.7  76.7  75.5  75.5  75.5  75.5  76.5  73.3  76.9  80.5  76.8  73.1  73.1  73.1  71.5  76.8  73.6  73.6  76.8  76.2  76.2  76.2  76.2  76.2  76.2  76.2  76.2  76.2  76.2  75.1  75.4  |  75.63
hdr CHAR2-256           70.4  70.9  69.8  65.4  64.1  64.3  64.3  62.9  62.8  62.8  63.0  62.6  64.8  62.9  62.9  62.1  63.0  63.1  63.0  64.8  67.4  67.1  67.1  67.0  67.0  66.0  67.0  67.0  67.0  67.1  65.2  69.1  |  65.31
hdr G4-256              72.7  71.9  71.0  72.0  72.6  71.6  72.7  70.4  67.6  62.9  68.4  68.2  68.2  68.2  68.2  66.3  67.4  66.9  67.0  67.3  66.6  66.9  68.2  68.8  68.6  68.7  68.6  67.3  65.7  67.3  67.2  69.5  |  68.55
hdr G5-256              79.5  79.5  79.5  78.3  79.1  78.2  81.0  79.3  78.6  75.9  76.1  76.8  75.6  75.6  74.2  73.9  77.0  76.6  77.0  75.7  75.8  75.6  72.7  70.4  70.4  70.4  70.4  73.1  73.4  73.4  75.6  77.1  |  75.76
hdr CHAR2-1k            73.5  73.5  73.5  70.1  67.3  67.3  70.0  65.8  65.8  65.7  65.7  65.4  65.3  65.6  65.4  63.2  65.5  65.6  65.6  68.2  67.7  67.7  67.8  67.7  67.7  67.8  69.2  69.7  72.8  71.6  71.5  73.4  |  68.04
hdr G5-1k               84.0  83.1  83.0  81.1  81.2  81.2  81.2  82.0  82.2  82.4  82.1  76.2  78.2  78.2  77.6  71.9  74.0  74.0  74.0  73.1  73.1  76.4  73.1  73.1  75.7  78.4  77.5  78.5  82.1  81.6  81.8  81.0  |  78.45
shipped chainhash-256   71.0  71.1  71.0  68.9  69.0  69.4  69.0  67.5  66.3  67.8  66.8  62.4  62.7  62.9  63.9  62.9  65.7  65.6  63.0  62.8  67.1  65.7  64.0  62.4  62.5  62.5  62.5  66.6  67.1  65.8  64.2  64.5  |  65.81
shipped chainhash-1k    68.6  71.6  71.6  70.2  70.1  67.3  67.3  65.7  65.7  65.8  71.1  69.6  70.1  65.6  65.7  63.1  65.6  65.6  65.6  69.0  69.7  69.7  69.7  69.7  69.7  69.9  71.3  69.8  65.0  65.0  65.0  67.0  |  68.04

== bulk: median GB/s (bytes/cycle) ==
function                         16KB           512B
smh CHAR2-256           61.58 (18.84)  34.66 (10.61)
smh G4-256              59.71 (18.27)  36.03 (11.03)
smh G5-256              59.22 (18.12)  33.78 (10.34)
smh CHAR2-1k            62.91 (19.25)  40.26 (12.32)
smh G5-1k               62.46 (19.11)  42.48 (13.00)
hdr CHAR2-256           60.36 (18.47)  36.85 (11.27)
hdr G4-256              60.36 (18.47)  38.34 (11.73)
hdr G5-256              59.76 (18.28)  35.90 (10.99)
hdr CHAR2-1k            63.17 (19.33)  41.27 (12.63)
hdr G5-1k               62.76 (19.20)  42.23 (12.92)
shipped chainhash-256   60.40 (18.48)  36.79 (11.26)
shipped chainhash-1k    63.42 (19.41)  41.06 (12.56)
(sink c60b2d589ca73308)
load after: { 2.77 4.87 5.54 }
